# Created by Octave 3.4.0, Sat Dec 10 23:10:41 2011 PST <abrady@abradymbp15>
# name: v
# type: range
# base, limit, increment
1 6 1


